5000
5000
5000
5000
5000
5000
5000
5000
13000
32000
51000
72000
93000
116000
139000
164000
189000
216000
243000
272000
301000
332000
363000
396000
429000
464000
499000
536000
573000
612000
651000
692000
733000
776000
819000
864000
909000
956000
1003000
1052000
1101000
1152000
1203000
1256000
1309000
1364000
1419000
1476000
1533000
1592000
1651000
1712000
1773000
1836000
1899000
1964000
2029000
2096000
2163000
2232000
2301000
2372000
2443000
2516000
2589000
2664000
2739000
2816000
2893000
2972000
3051000
3132000
3213000
3296000
3379000
3464000
3549000
3636000
3723000
3812000
3901000
3992000
4083000
4176000
4269000
4364000
4459000
4556000
4653000
4752000
4851000
4952000
5053000
5156000
5259000
5364000
5469000
5576000
5683000